10 1.2928
171000010 0.053059
173000010 9.63594
174000010 9.63937
175000010 9.64295
176000010 9.64485
177000010 9.64947
178000010 9.65305
179000010 9.65664
180000010 9.65893
181000010 9.66187
182000010 9.66446
183000010 9.6664
184000010 9.66766
185000010 9.67017
186000010 9.67436
187000010 9.6776
188000010 9.68039
189000010 9.68238
190000010 9.6856
191000010 9.68741
192000010 9.68919
193000010 9.68966
194000010 9.69307
195000010 9.69514
196000010 9.69749
197000010 9.69823
198000010 9.70053
199000010 9.7016
200000010 9.70258
201000010 9.70252
202000010 9.70564
203000010 9.70948
204000010 9.7128
205000010 9.71526
206000010 9.71811
207000010 9.7211
208000010 9.72322
209000010 9.72497
210000010 9.72649
211000010 9.72978
212000010 9.73196
213000010 9.73402
214000010 9.73498
215000010 9.73733
216000010 9.73823
217000010 9.73972
218000010 9.73975
219000010 9.74306
220000010 9.74549
221000010 9.7478
222000010 9.74915
223000010 9.75126
224000010 9.7528
225000010 9.75406
226000010 9.75451
227000010 9.75578
228000010 9.75784
229000010 9.75921
230000010 9.76017
231000010 9.7607
232000010 9.76184
233000010 9.76221
234000010 9.76241
235000010 9.76196
236000010 9.76508
237000010 9.7669
238000010 9.76907
239000010 9.77007
240000010 9.77234
241000010 9.7736
242000010 9.77478
243000010 9.77494
244000010 9.77678
245000010 9.77835
246000010 9.7796
247000010 9.78013
248000010 9.78087
249000010 9.78181
250000010 9.78219
251000010 9.78209
252000010 9.78243
253000010 9.78445
254000010 9.78565
255000010 9.78677
256000010 9.78709
257000010 9.78845
258000010 9.78869
259000010 9.78901
260000010 9.78851
261000010 9.79019
262000010 9.79085
263000010 9.79155
264000010 9.79128
265000010 9.79183
266000010 9.79188
267000010 9.79165
268000010 9.79081
269000010 9.79374
270000010 9.79908
271000010 9.80402
272000010 9.80838
273000010 9.81247
274000010 9.81701
275000010 9.82062
276000010 9.82412
277000010 9.827
278000010 9.83175
279000010 9.8354
280000010 9.83905
281000010 9.84153
282000010 9.84559
283000010 9.84842
284000010 9.85127
285000010 9.85304
286000010 9.85717
287000010 9.86123
288000010 9.86495
289000010 9.86787
290000010 9.87114
291000010 9.87425
292000010 9.87693
293000010 9.87917
294000010 9.88162
295000010 9.88512
296000010 9.88778
297000010 9.8902
298000010 9.89206
299000010 9.89476
300000010 9.89641
301000010 9.8981
302000010 9.89864
303000010 9.90328
304000010 9.90675
305000010 9.91023
306000010 9.91273
307000010 9.91606
308000010 9.91873
309000010 9.92125
310000010 9.92298
311000010 9.92573
312000010 9.92864
313000010 9.93103
314000010 9.93318
315000010 9.93518
316000010 9.93745
317000010 9.93902
318000010 9.94035
319000010 9.94159
320000010 9.94494
321000010 9.94731
322000010 9.94974
323000010 9.95112
324000010 9.95371
325000010 9.95542
326000010 9.95721
327000010 9.95799
328000010 9.96046
329000010 9.96233
330000010 9.96416
331000010 9.96523
332000010 9.96669
333000010 9.96797
334000010 9.96882
335000010 9.96924
336000010 9.97098
337000010 9.97439
338000010 9.97719
339000010 9.9797
340000010 9.98171
341000010 9.9845
342000010 9.9864
343000010 9.98826
344000010 9.9893
345000010 9.99222
346000010 9.99425
347000010 9.99648
348000010 9.99768
349000010 9.99986
350000010 10.0013
351000010 10.0026
352000010 10.0032
353000010 10.0054
354000010 10.0078
355000010 10.0098
356000010 10.0113
357000010 10.0131
358000010 10.0149
359000010 10.0162
360000010 10.0172
361000010 10.0181
362000010 10.0202
363000010 10.0215
364000010 10.0228
365000010 10.0233
366000010 10.0248
367000010 10.0252
368000010 10.0261
369000010 10.026
370000010 10.0286
371000010 10.0307
372000010 10.0327
373000010 10.0341
374000010 10.036
375000010 10.0375
376000010 10.0388
377000010 10.0395
378000010 10.0408
379000010 10.0426
380000010 10.044
381000010 10.045
382000010 10.0458
383000010 10.047
384000010 10.0476
385000010 10.0482
386000010 10.0482
387000010 10.0503
388000010 10.0515
389000010 10.053
390000010 10.0536
391000010 10.0552
392000010 10.056
393000010 10.0568
394000010 10.0568
395000010 10.058
396000010 10.0591
397000010 10.0599
398000010 10.0602
399000010 10.0607
400000010 10.0612
401000010 10.0614
402000010 10.0612
403000010 10.0618
404000010 10.0643
405000010 10.0662
406000010 10.0681
407000010 10.0694
408000010 10.0714
409000010 10.0726
410000010 10.0738
411000010 10.0744
412000010 10.0767
413000010 10.0781
414000010 10.0796
415000010 10.0804
416000010 10.0817
417000010 10.0827
418000010 10.0835
419000010 10.0838
420000010 10.085
421000010 10.0867
422000010 10.0883
423000010 10.0894
424000010 10.0904
425000010 10.0917
426000010 10.0925
427000010 10.0932
428000010 10.0935
429000010 10.095
430000010 10.0958
431000010 10.0967
432000010 10.0967
433000010 10.0979
434000010 10.0982
435000010 10.0986
436000010 10.0983
437000010 10.0999
438000010 10.1016
439000010 10.103
440000010 10.104
441000010 10.1052
442000010 10.1063
443000010 10.1071
444000010 10.1076
445000010 10.1083
446000010 10.1097
447000010 10.1106
448000010 10.1113
449000010 10.1116
450000010 10.1125
451000010 10.1128
452000010 10.113
453000010 10.1126
454000010 10.1143
455000010 10.1153
456000010 10.1163
457000010 10.1167
458000010 10.1177
459000010 10.1182
460000010 10.1187
461000010 10.1186
462000010 10.1192
463000010 10.12
464000010 10.1204
465000010 10.1206
466000010 10.1208
467000010 10.1211
468000010 10.121
469000010 10.1208
470000010 10.1206
471000010 10.1225
472000010 10.1237
473000010 10.1249
474000010 10.1255
475000010 10.1268
476000010 10.1276
477000010 10.1285
478000010 10.1287
479000010 10.13
480000010 10.1309
481000010 10.1318
482000010 10.1321
483000010 10.1328
484000010 10.1333
485000010 10.1336
486000010 10.1335
487000010 10.1341
488000010 10.1353
489000010 10.1362
490000010 10.1369
491000010 10.1373
492000010 10.1381
493000010 10.1384
494000010 10.1387
495000010 10.1384
496000010 10.1394
497000010 10.1398
498000010 10.1404
499000010 10.1402
500000010 10.1408
501000010 10.1408
502000010 10.1407
