29 29
00000000000000000000000000000
00000000000000000000000000000
00000000000000000000000000000
00000000000000000000000000000
00000000000000000000000000000
00000000000000000000000000000
00000000000000000000000000000
00000000000000000000000000000
00000000000000000000000000000
00000000000000000100000000000
11000000000000000110000000011
11000000000000000011000000011
00000000000000000110000000000
00000000000000000000000000000
00000000000000000000000000000
00000000000000000000000000000
00000000000000000110000000000
00000000000000000011000000000
00000000000000000110000000000
00000000000000000100000000000
00000000000000000000000000000
00000000000000000000000000000
00000000000000000000000000000
00000000000000000000000000000
00000000000000000000000000000
00000000000000000000000000000
00000000000000000000000000000
00000000000000000000000000000
00000000000000000000000000000
