30 30
000000000000000000000000000000
000000000000000000000000000000
000000000000000000000000000000
000000000000000000000000000000
000000000000000000000000000000
000000000000000000000000000000
000000000001001000000000000000
000000000010000000000000000000
000000000010001000000000000000
001100000011110000000000000000
011110000000000000000000000000
110110000000000000000000000000
011000001101110000000000000000
000000010000011000000010000111
000000110000000100000010000101
000000010000011000000010000111
011000001101110000000000000000
110110000000000000000000000000
011110000000000000000000000000
001100000011110000000000000000
000000000010001000000000000000
000000000010000000000000000000
000000000001001000000000000000
000000000000000000000000000000
000000000000000000000000000000
000000000000000000000000000000
000000000000000000000000000000
000000000000000000000000000000
000000000000000000000000000000
000000000000000000000000000000
