23 23
00000000000000000000000
00000000000000000000000
00000000000000000000000
00000000000000000000000
00000000000000000000000
00000000000000000000000
11000000000000000000000
11000000000000000000000
00000000000000000000000
00000000000000000000000
01100000000000000000110
01100000000000000000110
00000000000000000000000
00000000000000000000000
00000000000000000000011
00000000000000000000011
00000000000000000000000
00000000000000000000000
00000000000000000000000
00000000000000000000000
00000000000000000000000
00000000000000000000000
00000000000000000000000
