48 48
000000000000000000000110000110000000000000000000
000000000000000000000101001010000000000000000000
000000000000000000000001001000000000000000000000
000000000000000000000010000100000000000000000000
000000000000000000000010000100000000000000000000
000000000000000000000010000100000000000000000000
000000000000000000000000110000011000000000000000
000000000000000000000000000000011100000000000000
000000000000000000000000000000011010000000000000
000000000000000000000000000000000101000000000000
000000000000000000000000011100001001000000000000
000000000000000000000000000000000110000000000000
000000000110000000000001000001000000000000000000
000000001001000000000001000001000000000000000000
000000100101000000000001000001000000000000000000
000000000010000000000000000000000000000000000000
000000101100000000000000011100000000000000000000
000000010000010000000000000000000000000000000000
000000000000010000000000000000000000000000000000
110000000000010000000000000000000000000000000000
100111000000000000000000000000000000000000000000
011000000111000111000000000000000000000000000011
000000100000000000000000000000000000000000111001
000000100000010000000000000000000000000000000110
011000000000010000000010000000000000000001000000
100111000000010000001101100000000000010001000000
110000000000000000000010000000000001101100000110
000000000000000000000000000000000000010000111001
000000000000000000000000000000000000000000000011
000000000000000000000000000000000000000000000000
000000000000000000000000000000000000001010000000
000000000000000000001110000000000000000001000000
000000000000000000000000000000000000010010000000
000000000000000000100000100000000000101010000000
000000000000000000100000100000000000100100000000
000000000000000000100000100000000000011000000000
000000000000011000000000000000000000000000000000
000000000000100100001110000000000000000000000000
000000000000101010000000000000000000000000000000
000000000000010111000000000000000000000000000000
000000000000000111000000000000000000000000000000
000000000000000000000011000000000000000000000000
000000000000000000001000010000000000000000000000
000000000000000000001000010000000000000000000000
000000000000000000001000010000000000000000000000
000000000000000000000100100000000000000000000000
000000000000000000010100101000000000000000000000
000000000000000000011000011000000000000000000000
